995.40
994.34
993.50
992.61
991.59
990.67
990.18
989.86
989.35
988.97
988.79
988.05
987.59
987.51
987.82
988.51
989.15
989.87
990.28
990.56
991.00
990.98
991.12
991.16
991.00
991.16
991.12
991.25
991.75
991.71
991.72
992.22
992.44
992.33
992.29
992.52
992.68
993.12
993.74
994.82
995.70
996.73
997.86
998.78
999.72
1000.47
1001.19
1001.92
1002.98
1004.73
1005.86
1006.62
1007.43
1008.21
1008.99
1009.67
1010.37
1010.91
1011.34
1011.56
1011.58
1011.78
1012.02
1012.33
1012.45
1012.46
1012.43
1012.13
1011.89
1011.62
1011.08
1010.60
1010.14
1009.26
1008.26
1007.25
1006.55
1005.88
1005.34
1005.15
1004.90
1004.89
1004.67
1004.37
1004.08
1003.92
1003.91
1003.75
1003.51
1003.29
1003.40
1003.30
1003.19
1003.25
1003.25
1003.07
1003.01
1002.73
1002.84
1003.03
1002.95
1003.10
1003.66
1003.94
1003.85
1003.79
1003.53
1002.92
1002.19
1001.49
1000.38
999.18
997.80
996.17
994.48
992.74
991.14
989.60
988.14
986.81
985.75
984.97
984.45
984.22
984.31
984.75
985.49
986.54
987.47
988.32
989.04
990.03
991.02
992.07
993.12
994.35
995.35
996.23
997.36
998.51
999.49
1000.50
1001.60
1002.56
1003.45
1004.41
1005.41
1006.42
1007.47
1008.59
1009.96
1011.40
1012.63
1013.77
1014.70
1015.39
1016.12
1017.16
1018.09
1019.14
1020.21
1021.18
1022.04
1022.76
1023.22
1023.71
1024.33
1024.66
1024.91
1025.36
1025.69
1026.02
1026.14
1026.44
1026.88
1027.43
1027.80
1027.88
1027.95
1028.02
1027.79
1027.63
1027.75
1027.94
1028.08
1028.29
1028.53
1028.77
1028.72
1029.07
1029.06
1028.89
1028.62
1028.99
1029.35
1029.13
1029.26
1029.71
1029.91
1030.53
1031.02
1031.52
1031.60
1031.87
1031.62
1031.72
1031.72
1032.02
1031.98
1032.17
1032.59
1032.78
1032.67
1032.57
1032.64
1032.69
