997.50
998.55
999.46
1000.25
1000.92
1001.65
1002.55
1004.33
1005.56
1006.35
1007.16
1007.98
1008.74
1009.41
1010.18
1010.70
1011.12
1011.39
1011.43
1011.57
1011.86
1012.14
1012.25
1012.30
1012.35
1012.05
1011.80
1011.55
1011.02
1010.54
1010.15
1009.29
1008.31
1007.29
1006.50
1005.87
1005.21
1005.07
1004.80
1004.75
1004.56
1004.30
1003.98
1003.76
1003.79
1003.65
1003.43
1003.19
1003.27
1003.21
1003.02
1003.15
1003.14
1002.96
1002.96
1002.66
1002.72
1002.92
1002.85
1002.93
1003.49
1003.86
1003.80
1003.66
1003.41
1002.85
1002.11
1001.48
1000.47
999.25
997.91
996.34
994.60
992.93
991.27
989.76
988.25
986.89
985.77
985.01
984.41
984.17
984.17
984.55
985.26
986.24
987.27
988.11
988.81
989.75
990.76
991.79
992.83
994.01
995.07
995.94
997.05
998.21
999.21
1000.23
1001.31
1002.28
1003.22
1004.14
1005.10
1006.13
1007.16
1008.29
1009.61
1011.02
1012.28
1013.38
1014.34
1015.03
1015.75
1016.78
1017.68
1018.73
1019.81
1020.76
1021.67
1022.46
1022.96
1023.38
1024.05
1024.44
1024.60
1025.08
1025.45
1025.77
1025.93
1026.22
1026.61
1027.20
1027.58
1027.66
1027.70
1027.85
1027.61
1027.38
1027.49
1027.69
1027.82
1028.01
1028.29
1028.56
1028.49
1028.80
1028.86
1028.71
1028.43
1028.68
1029.11
1028.94
1028.99
1029.43
1029.66
1030.17
1030.83
1031.19
1031.37
1031.59
1031.40
1031.46
1031.87
1031.87
1031.70
1031.93
1032.35
1032.47
