44.20
44.21
44.58
44.86
45.26
45.21
45.20
45.46
45.70
45.76
46.08
46.20
46.20
46.20
46.17
45.68
45.52
45.80
45.85
45.88
46.15
46.27
46.29
46.22
46.20
46.20
46.20
46.20
46.20
46.20
46.20
46.20
46.20
46.20
46.20
46.20
53.77
55.55
54.04
52.79
51.92
51.11
50.44
50.09
49.62
49.20
49.18
48.75
48.60
48.23
48.20
48.20
48.19
48.02
47.74
47.70
47.70
47.69
47.65
47.55
47.50
47.32
47.20
46.46
46.50
46.80
46.96
47.19
47.20
47.20
47.20
47.20
47.14
47.01
46.76
46.70
46.70
46.70
46.70
46.70
46.70
46.70
46.70
46.70
46.70
46.70
46.70
46.70
46.70
46.71
46.72
46.77
46.89
47.09
47.17
47.19
47.20
47.20
47.20
47.20
47.20
47.20
47.20
47.20
47.20
47.20
47.20
47.20
47.37
50.53
45.62
45.88
45.57
44.76
45.00
45.00
43.37
42.63
42.67
43.30
43.71
44.90
45.40
45.47
45.90
46.23
46.40
46.40
46.40
46.66
46.90
46.91
47.13
42.80
41.80
42.75
43.79
42.19
41.57
41.02
40.30
39.98
40.38
41.93
42.46
43.30
43.64
44.20
44.37
44.49
44.89
45.07
45.40
45.40
45.40
45.51
45.89
42.14
40.60
41.21
41.38
43.62
42.11
42.12
45.32
57.27
54.33
55.24
56.91
57.17
