300
270
280
270
260
270
270
270
280
290
270
300
290
280
270
290
310
350
310
290
280
290
300
280
290
290
280
290
290
280
280
290
260
270
250
220
220
220
210
210
240
230
240
180
220
230
240
240
240
220
240
240
230
200
220
230
180
190
180
210
210
210
240
240
210
230
280
250
250
280
270
270
250
240
260
270
270
260
240
230
210
190
180
180
180
200
210
210
200
200
210
200
190
190
200
200
190
210
250
280
280
290
290
300
290
280
280
280
280
280
270
280
280
270
290
280
270
290
290
290
290
290
290
280
290
320
300
280
280
290
300
300
280
290
350
350
0
0
0
0
0
0
0
0
0
0
0
0
180
180
170
150
180
190
190
190
180
170
160
180
170
170
170
160
160
170
180
190
210
230