16.60
16.60
16.60
16.60
16.58
16.53
16.50
16.50
16.47
16.40
16.40
16.39
16.35
16.30
16.42
16.69
16.81
16.72
16.64
16.60
16.60
16.56
16.50
16.45
16.40
16.40
16.34
16.30
16.30
16.30
16.30
16.26
16.20
16.20
16.19
16.18
16.25
16.20
16.12
16.11
16.10
16.11
16.11
16.11
16.11
16.11
16.10
16.10
16.11
16.10
16.10
16.10
16.10
16.10
16.10
16.10
16.10
16.09
16.08
16.06
16.02
16.00
16.09
16.56
16.62
16.49
16.40
16.33
16.30
16.30
16.30
16.27
16.22
16.20
16.20
16.19
16.19
16.12
16.11
16.10
16.10
16.10
16.10
16.10
16.10
16.09
16.10
16.10
16.10
16.10
16.10
16.10
16.09
16.10
16.09
16.09
16.09
16.09
16.09
16.07
16.03
16.05
16.02
16.01
16.03
16.01
16.00
16.01
16.09
16.69
17.01
17.32
17.79
17.53
17.36
17.56
17.41
17.49
17.56
17.61
17.61
17.41
17.40
17.41
17.40
17.40
17.41
17.41
17.41
17.43
17.41
17.42
17.41
16.86
17.22
17.58
17.78
16.74
17.35
17.54
17.60
17.60
17.69
17.79
17.74
17.60
17.58
17.51
17.50
17.50
17.50
17.47
17.43
17.40
17.40
17.40
17.40
17.16
16.42
17.16
17.40
17.72
17.63
17.84
17.30
19.86
21.19
21.81
22.42
22.70
